	000000000000000000000008800000000000000008000000000000000000088888
	000000000000000000000000000000000000000000000000000000000000000088
	0000                  000000          0000                  000000
	0000                  0t0000          000        000          0000
	0000        00          0000          000        000          0000
	0000        0000        0000          000        0000         0000
	0000        0000         000          000        0000         0000
	0000                    0000          000                     0000
	0000                    0000          000                     0000
	0000                  000000          0000                   00000
	000000000000000000000000000000000000000000000000000000000000000000
	000000000000000000000000000000000000000000000000000000000000000000
	0000         0000       00    0000   0          0          0000000
	0000  00000   000  0000000      00   00080   00000000     00000000
	0000        00000       00   0   0   00000   000000     0000000000
	0000   000   0000  0000000   00      00000   0000     000000000000
	0000   0000   000        0   0000    00000   0000           000000
	000000000000000000000000000000000000000000000000000000000000000000
	000000000000000000000000000000000000000000000000000000000000000000
